0.000000 0.000000 0.000000 0.000000 0.000000 0.000000
-0.150000 -0.170000 -0.020000 -0.003925 0.000250 0.031725
0.290000 -0.100000 -0.040000 -0.005300 0.000250 0.035775
-0.050000 -0.020000 0.060000 -0.009125 0.000250 0.041300
-0.090000 -0.010000 0.000000 -0.012175 0.000250 0.043450
0.000000 -0.090000 0.000000 -0.014475 0.000250 0.035475
0.000000 -0.130000 0.000000 -0.016775 0.000250 0.030425
0.000000 0.000000 0.000000 -0.020450 0.000250 0.034475
0.000000 -0.080000 0.000000 -0.027175 0.000250 0.040025
0.000000 -0.190000 0.000000 -0.027925 0.000250 0.032025

