0.000000 0.000000 0.000000 0.000000 0.000000 0.000000
-0.037505 -0.111344 0.000000 0.000000 0.000000 0.000000
0.083585 -0.211712 0.000000 0.000000 0.000000 0.000000
-0.126073 0.107440 0.000000 0.000000 0.000000 0.000000
0.079994 0.255317 0.000000 0.000000 0.000000 0.000000
-0.020069 0.027571 -0.009483 0.000000 0.000000 0.000000
-0.014228 0.272416 -0.049095 0.000000 0.000000 0.000000
-0.010206 0.209574 0.005012 0.000000 0.000000 0.000000
-0.111968 0.154887 -0.025108 0.000000 0.000000 0.000000
0.029719 0.184604 0.046062 0.000000 0.000000 0.000000

