0.000000 0.000000 0.000000 0.000000 0.000000 0.000000
0.000000 0.000000 0.000000 0.000000 -0.000001 0.024034
0.000000 0.000000 0.000000 0.000000 0.000000 0.023397
0.000000 0.000000 0.000000 -0.000002 0.000000 0.027606
0.000000 0.000000 0.000000 0.000000 0.000000 0.021053
0.000000 0.000000 0.000000 0.000000 0.000001 0.026997
0.000000 0.000000 0.000000 0.000001 0.000000 0.032186
0.000000 0.000000 0.000000 0.000000 -0.000003 0.036321
0.000000 0.000000 0.000000 0.000001 0.000000 0.029327
0.000000 0.000000 0.000000 0.000000 0.000001 0.024752

