0   0   0   0   0   0 
-0.164074   -0.42745   0   -0.013276   0.005302   0.031984 
-0.187508   -0.19299   -0.03909   -0.016938   0.012025   0.027823 
0.227655   0.62044   0.03909   -0.003436   0.005973   0.027669 
0.28318   0.214358   0.027122   0.005299   -0.002877   0.024425 
0.136421   0.126277   -0.039193   0.011126   -0.003352   0.028711 
-0.056641   0.21416   -0.076532   0.02161   -0.002532   0.019221 
-0.068356   -0.416699   -2.987   0.014415   0.000417   0.027513 
-0.000057   -0.273803   0.047027   0   -0.002746   0.030065 
0.000922   -0.034598   0.006048   -0.002087   -0.00425   0.023374 
