0,068000 -0,587000 3,516000 0 309,670105 166,524460 1 254,053604 186,309174 2 200,308640 121,809807 3 361,567596 230,333084 4 443,257294 121,956818 5 322,625366 177,562592 6 446,226318 171,018784 7 418,948730 170,864761 8 387,541138 222,717636 9 411,226929 150,480103 
0,434000 -0,466000 3,999000 0 354,263580 191,735428 1 298,066498 211,690247 2 246,585419 149,216293 3 407,199921 254,435440 4 492,345184 147,264069 5 367,267303 201,823090 6 496,714172 192,932693 7 466,113403 195,415787 8 434,245331 245,575638 9 456,750824 177,427292 
1,580000 -0,987000 5,648000 0 439,872528 162,623932 1 380,404388 184,515411 2 330,293091 122,328903 3 495,371307 223,824066 4 596,578369 110,724533 5 452,875580 171,505447 6 596,466125 152,474365 7 562,390381 161,936279 8 523,170715 211,585831 9 553,535889 148,137833 
1,357000 -0,702000 5,213000 0 430,155365 182,668320 1 371,282257 203,708923 2 320,948364 141,981766 3 485,987457 244,186966 4 583,291687 134,199142 5 443,346893 191,666290 6 585,786011 175,728958 7 551,090576 183,849411 8 514,213928 232,659897 9 541,102173 169,614517 
-0,387000 0,359000 2,696000 0 228,227020 316,580109 1 170,150864 337,210907 2 116,566353 277,452972 3 281,067017 380,800720 4 356,748993 275,478729 5 243,522812 326,970398 6 370,709045 326,899323 7 337,033691 320,722687 8 312,368591 375,519012 9 322,728638 297,239075 
-0,869000 -0,468000 5,686000 0 223,584229 208,846298 1 166,042465 227,135071 2 107,840935 164,141983 3 277,521576 272,619415 4 352,807190 168,629974 5 237,752106 220,177078 6 359,671600 220,348755 7 330,982208 214,521088 8 302,692535 267,636780 9 320,715546 191,054565 
0,666000 0,319000 5,289000 0 362,960876 280,156921 1 306,699066 298,924103 2 256,152863 238,077499 3 419,144745 344,688629 4 499,372284 242,052734 5 377,143860 289,796112 6 512,065735 286,283173 7 475,069519 287,263672 8 448,147736 336,318970 9 460,230621 269,445953 
-0,702000 -0,773000 5,201000 0 232,512985 175,687378 1 175,657806 193,786774 2 116,784012 128,594116 3 286,287750 240,278778 4 362,077881 134,651093 5 246,357452 187,367813 6 366,896515 187,010101 7 340,021088 181,777527 8 310,677521 235,066452 9 331,258362 158,271439 
0,219000 0,037000 3,895000 0 328,112976 254,749680 1 272,180817 273,849335 2 220,783096 212,912216 3 381,918701 318,226288 4 461,203735 214,900101 5 341,910248 264,757202 6 471,332458 260,901031 7 437,933990 260,563477 8 410,431030 310,613586 9 425,348633 241,450012 
-1,334000 -0,427000 4,425000 0 149,265549 201,751419 1 87,678223 219,242767 2 20,999552 154,790756 3 206,530518 266,469482 4 281,710205 163,252823 5 164,931198 214,158630 6 289,448822 218,585144 7 261,297272 208,746277 8 232,730316 263,577240 9 250,831238 182,121460 
-0,319000 0,436000 2,514000 0 236,555283 336,714417 1 178,672318 357,699646 2 126,246231 297,730408 3 289,240295 401,731049 4 364,756012 295,340973 5 251,940567 346,892151 6 380,167816 346,883759 7 345,366394 340,823608 8 321,578033 396,221283 9 330,221344 317,407623 
0,262000 -0,127000 3,185000 0 341,130310 230,062805 1 285,066589 249,467575 2 233,545807 188,004288 3 394,383606 293,102661 4 476,254639 188,796234 5 354,568451 240,150375 6 484,416626 234,381729 7 452,280334 235,333328 8 423,231781 285,030029 9 441,127899 216,761841 
-0,428000 0,769000 3,206000 0 233,250168 369,931366 1 174,772644 392,088715 2 123,687988 331,772278 3 286,034210 436,834534 4 361,077972 327,459900 5 248,747543 380,141998 6 378,143799 380,326263 7 341,139923 373,603607 8 318,240967 431,061981 9 324,401642 349,526154 
-0,951000 -0,494000 3,366000 0 158,734406 176,619141 1 98,476372 193,820541 2 31,273495 127,136856 3 215,917496 242,469498 4 290,659088 138,439774 5 174,361328 189,561386 6 297,456482 194,275269 7 270,984375 184,865738 8 242,170959 239,501205 9 261,646301 158,095901 
-1,379000 -0,668000 5,532000 0 175,361542 189,624008 1 115,586937 207,007004 2 51,461060 141,964600 3 231,432159 254,465714 4 306,030304 150,608948 5 190,236618 201,804932 6 312,605804 205,099930 7 285,022461 196,561890 8 256,349976 250,893204 9 275,190521 170,882614 
0,326000 1,264000 4,884000 0 333,374298 379,402130 1 277,238892 399,105255 2 227,769699 336,125732 3 390,491211 450,318970 4 463,608063 343,402374 5 348,613464 389,627930 6 484,563690 392,512817 7 442,880463 389,259094 8 422,223053 442,968414 9 423,331329 368,170532 
1,714000 -1,347000 5,336000 0 460,607208 123,781860 1 399,555023 147,878769 2 349,965515 84,489395 3 515,065002 184,754852 4 625,364441 63,913666 5 473,113434 132,566406 6 619,807617 106,693916 7 586,943909 119,059547 8 542,778992 170,959702 9 580,614868 105,937164 
-0,367000 -0,520000 2,932000 0 237,414734 161,323334 1 181,072144 179,965897 2 121,809914 113,521278 3 290,673462 226,722153 4 367,384155 119,944427 5 251,374725 173,634048 6 371,788177 172,905930 7 346,356598 168,136871 8 316,704895 221,437408 9 338,653076 144,305771 
0,756000 -2,077000 5,534000 0 368,305023 62,341892 1 311,770142 86,092285 2 260,001160 15,070012 3 418,144379 128,663651 4 513,379395 1,613600 5 379,750916 73,408554 6 504,541382 54,752171 7 481,261169 60,068802 8 440,804016 117,626595 9 479,232361 40,533859 
-1,202000 0,283000 3,601000 0 133,101913 289,294647 1 68,893440 310,141785 2 6,274503 251,108353 3 189,052383 352,212677 4 267,491302 247,091385 5 149,686066 300,614349 6 279,076477 302,193970 7 246,723709 291,972778 8 219,023819 348,933105 9 233,264191 265,295776 
-0,904000 1,266000 5,130000 0 211,890839 373,391815 1 152,020050 396,483490 2 100,472855 336,788727 3 264,714966 440,347931 4 340,232574 329,805237 5 227,338257 383,925293 6 356,498871 383,720490 7 319,102142 376,114960 8 295,434113 434,702484 9 302,200409 351,243774 
0,042000 0,793000 2,581000 0 308,136383 403,622620 1 251,653976 424,186615 2 202,475388 360,460083 3 363,282654 475,199280 4 436,157471 365,148804 5 323,559845 413,511749 6 458,516052 416,675110 7 417,484650 411,874359 8 398,157837 468,400574 9 398,041168 389,366028 
-0,747000 0,445000 5,975000 0 237,489548 287,238495 1 179,740417 307,010559 2 125,823753 247,117233 3 290,924011 351,097870 4 365,886871 247,078018 5 252,045456 297,821686 6 377,418243 297,568665 7 344,217621 291,986084 8 318,387939 345,556519 9 330,579468 269,165497 
-0,002000 -1,912000 4,896000 0 299,795746 54,738564 1 244,662308 76,069847 2 187,858948 0,998152 3 350,714996 124,345741 4 435,058075 0,977807 5 311,715698 67,430450 6 429,192169 58,269093 7 408,375427 57,871490 8 372,207306 116,111504 9 406,111237 34,450951 
-1,382000 -0,540000 4,306000 0 139,526260 187,296799 1 77,463341 204,256531 2 8,445714 138,328781 3 197,754349 252,761871 4 272,712677 149,431366 5 155,399445 200,098663 6 280,063934 205,637115 7 252,555771 195,187500 8 223,715286 250,236557 9 242,472687 167,945938 
0,446000 0,847000 3,003000 0 374,259094 391,025635 1 317,674927 409,378937 2 267,367096 344,676392 3 433,894348 463,885559 4 508,085571 357,845062 5 389,699585 400,914764 6 532,418640 405,778687 7 488,170746 403,704926 8 468,874054 456,200867 9 467,244263 383,669739 
1,436000 1,134000 4,875000 0 447,282043 366,307678 1 388,592865 382,931152 2 335,941864 318,229218 3 514,097473 439,226959 4 594,965149 337,704559 5 463,527710 376,082855 6 620,458740 380,629028 7 571,204529 382,531677 8 548,882507 430,108551 9 548,260437 365,841766 
0,586000 -0,180000 3,406000 0 386,024658 223,576050 1 328,930420 243,271179 2 278,116791 181,917252 3 440,670197 286,275482 4 527,856873 181,194641 5 399,352966 233,187363 6 535,350769 224,397034 7 501,258423 228,322159 8 470,141235 276,836945 9 489,851440 211,797516 
-0,616000 -0,090000 3,488000 0 211,697235 237,098633 1 153,562836 256,015320 2 95,466225 194,358353 3 265,538391 300,578552 4 341,075958 197,137100 5 226,507996 248,404861 6 350,081635 249,001099 7 320,488403 242,544693 8 293,158936 295,925049 9 309,278503 218,644958 
-0,104000 0,340000 3,261000 0 284,053986 302,131256 1 227,675995 321,734100 2 175,999466 261,324921 3 337,402527 366,706635 4 413,124207 262,900726 5 298,554840 312,300201 6 426,704376 311,484161 7 392,254761 308,007507 8 367,537292 360,294037 9 377,945221 286,733185 
-0,757000 -1,525000 4,687000 0 219,244720 87,315979 1 162,866882 105,025795 2 98,598991 30,271803 3 274,004608 157,262665 4 349,523865 43,970264 5 232,753830 100,885666 6 349,638672 102,114220 7 327,670074 95,796753 8 296,084229 152,364563 9 322,589325 69,583328 
-0,429000 1,811000 5,731000 0 262,571991 408,000366 1 204,833908 430,830383 2 156,023972 368,455719 3 316,556824 479,361206 4 389,440460 366,525360 5 277,981415 418,633087 6 409,499756 420,286804 7 368,878845 413,790009 8 348,046814 472,755280 9 349,607117 389,586090 
-0,549000 -0,510000 5,420000 0 249,354233 202,952026 1 192,767944 221,455887 2 136,369141 158,374130 3 302,676941 266,609924 4 378,849426 162,058884 5 263,172089 214,064240 6 385,081970 212,703995 7 356,483826 208,387238 8 327,801636 260,911194 9 346,572510 185,936020 
1,557000 1,679000 5,791000 0 434,432770 394,966339 1 376,572632 411,756683 2 324,243591 345,533356 3 501,653168 471,150452 4 578,089905 367,399658 5 451,037292 405,257996 6 606,225708 412,930786 7 555,958862 412,865448 8 536,302551 462,520355 9 531,507080 394,549744 
-1,303000 -0,129000 4,667000 0 160,402832 236,179565 1 99,040932 254,788574 2 35,994854 193,005920 3 216,326416 299,788757 4 292,066681 196,546310 5 175,921021 247,916000 6 301,095276 250,661133 7 271,239075 241,529968 8 243,319244 296,358368 9 259,648773 215,715912 
0,074000 0,881000 5,674000 0 306,520966 327,634827 1 250,336746 347,254028 2 199,978470 286,498779 3 361,393799 394,015686 4 436,159698 289,619202 5 321,143036 337,748413 6 451,754150 337,704651 7 414,361267 334,691772 8 390,654083 387,025513 9 398,019012 313,926544 
-0,906000 -1,777000 5,349000 0 215,311264 83,894196 1 158,786499 101,328194 2 93,897270 25,975241 3 270,383240 154,123688 4 345,541077 40,634315 5 228,810303 97,471344 6 345,520660 99,166954 7 323,605743 92,519325 8 292,008728 149,349716 9 318,534882 66,089783 
-1,818000 -0,850000 5,514000 0 135,146896 172,923462 1 72,776855 189,228256 2 2,156195 121,820160 3 194,040161 239,089905 4 268,474030 135,485718 5 150,847382 185,913986 6 275,135559 192,339462 7 248,027649 181,472717 8 218,935898 236,755035 9 238,285538 153,885010 
0,605000 -0,660000 2,994000 0 401,035400 139,779556 1 343,040283 162,312469 2 292,400146 98,114212 3 452,775177 202,489578 4 549,144531 87,436539 5 413,123993 149,987320 6 547,577148 133,043793 7 518,374390 140,055832 8 480,826385 191,420776 9 512,267273 123,582809 
-0,321000 -1,672000 5,043000 0 268,173706 84,225662 1 212,826630 103,674889 2 153,901596 30,689917 3 320,554565 152,759430 4 400,212921 36,328583 5 280,787720 96,897568 6 398,008850 92,455299 7 375,910553 89,618706 8 342,484100 146,012451 9 371,700989 65,647537 
0,882000 -0,317000 4,706000 0 393,710144 216,319580 1 336,504486 236,058884 2 285,866821 174,731384 3 449,006683 278,760376 4 537,398010 173,040131 5 407,130432 225,723297 6 543,926636 215,812836 7 509,468048 220,391830 8 477,278290 268,927368 9 498,003204 204,371521 
-0,708000 0,320000 2,727000 0 170,187027 308,672546 1 108,944069 329,911102 2 51,045799 270,893188 3 224,186157 371,955505 4 301,572632 266,153595 5 186,421021 319,486115 6 314,507019 319,932007 7 281,729431 311,333466 8 255,508392 367,825806 9 267,861023 285,866180 
-1,665000 0,712000 5,954000 0 160,178040 309,791748 1 97,478760 331,232300 2 39,134365 272,669067 3 214,596390 373,295776 4 291,824402 267,161652 5 175,839066 320,776123 6 303,916138 321,323730 7 270,097168 312,162811 8 243,340424 369,148254 9 255,831070 286,413361 
0,132000 -0,130000 3,638000 0 318,141846 232,133041 1 262,294312 251,355438 2 210,203659 189,906418 3 371,213074 295,267151 4 450,885498 191,208939 5 331,726044 242,387283 6 459,124237 237,924423 7 427,578613 237,428848 8 399,138275 287,807709 9 416,359131 217,916550 
1,526000 0,087000 5,921000 0 428,863373 257,346741 1 370,506927 276,164185 2 319,584259 215,245560 3 488,426086 321,071930 4 578,044617 218,068558 5 443,261139 266,353455 6 589,441833 258,427795 7 549,480225 264,004669 8 518,486694 310,754272 9 534,367920 249,359879 
-0,415000 -1,336000 4,536000 0 254,254852 102,733681 1 198,608917 121,588379 2 138,906143 50,119209 3 307,197327 170,544571 4 385,289764 57,367599 5 267,264038 115,405518 6 384,986786 112,773849 7 362,085876 108,981705 8 329,884979 164,429886 9 356,881378 84,832779 
-1,242000 0,717000 3,983000 0 144,087372 340,007538 1 79,848427 363,178925 2 21,888399 305,278992 3 198,259659 403,742706 4 277,491211 294,904419 5 160,501953 350,786682 6 291,062378 350,350555 7 256,113525 340,533691 8 229,392288 399,590302 9 240,963272 313,994110 
0,560000 -0,904000 4,807000 0 358,248383 155,970474 1 302,016510 176,620209 2 250,420013 112,561630 3 410,528870 218,917511 4 498,179932 107,867004 5 370,855743 166,179871 6 498,956482 154,703201 7 470,254791 158,047821 8 436,001404 209,509659 9 462,762604 140,000031 
1,282000 -0,731000 4,811000 0 433,236359 174,028259 1 374,106476 195,471344 2 323,828033 133,510895 3 488,682800 235,465393 4 587,521240 124,232544 5 446,264984 183,060791 6 588,972595 165,945328 7 554,734192 174,564804 8 517,016968 223,696640 9 545,370483 160,413712 
0,767000 0,459000 3,734000 0 402,704865 311,462250 1 345,352814 329,568787 2 294,444427 267,790771 3 461,965942 378,138580 4 543,915955 276,358002 5 417,383362 320,894806 6 561,027344 319,163086 7 519,796692 321,316833 8 494,270630 369,254395 9 502,452209 304,530609
